C:\Users\Colm\Desktop\gith\cuda-thing\flims>f5.exe
Array A: 2112944255 1667215496 1579380705 1358768834 1046689317 -568399619 -761751232 -1410748444
Array B: 360531490 158313587 89704308 -339147425 -832744517 -891471458 -994890973 -1414749291
Intermediate array C: 2112944255 1667215496 1579380705 1358768834 0 0 0 0 0 0 0 0 0 0 0 0
Combined and processed array C: 2112944255 1667215496 1579380705 1358768834 0 0 0 0 0 0 0 0 0 0 0 0

C:\Users\Colm\Desktop\gith\cuda-thing\flims>f5.exe
Array A: 1930350429 1302240955 1281537912 959390741 945978849 -716767819 -1306604773 -1862106330
Array B: 1854754758 1300340034 940221205 129201920 54620990 -38481028 -884272173 -1585380929
Intermediate array C: 1930350429 1302240955 1300340034 1854754758 0 0 0 0 0 0 0 0 0 0 0 0
Combined and processed array C: 1930350429 1854754758 1302240955 1300340034 0 0 0 0 0 0 0 0 0 0 0 0

C:\Users\Colm\Desktop\gith\cuda-thing\flims>f5.exe
Array A: 2004785155 1686661518 1307140786 939390251 -293262495 -854407978 -1485527577 -1621970224
Array B: 1987188087 1955882022 1614318495 816934775 -653219806 -1084273628 -1652958465 -1765408163
Intermediate array C: 2004785155 1686661518 1955882022 1987188087 0 0 0 0 0 0 0 0 0 0 0 0
Combined and processed array C: 2004785155 1987188087 1955882022 1686661518 0 0 0 0 0 0 0 0 0 0 0 0

C:\Users\Colm\Desktop\gith\cuda-thing\flims>f5.exe
Array A: 2048964462 1920552535 1602965489 835000548 492804881 -557407990 -696616685 -761306830
Array B: 1790424056 745120941 633289551 -379669556 -1452640799 -1576523428 -1585729745 -1610032684
Intermediate array C: 2048964462 1920552535 1602965489 1790424056 0 0 0 0 0 0 0 0 0 0 0 0
Combined and processed array C: 2048964462 1920552535 1790424056 1602965489 0 0 0 0 0 0 0 0 0 0 0 0

C:\Users\Colm\Desktop\gith\cuda-thing\flims>f5.exe
Array A: 1970324967 1516730864 1390660752 1384854242 199220962 -118764191 -1703044763 -1833334218
Array B: 1888731585 1735444774 1644781016 1052109596 634445721 530306825 -1309652816 -2073982200
Intermediate array C: 1970324967 1644781016 1735444774 1888731585 0 0 0 0 0 0 0 0 0 0 0 0
Combined and processed array C: 1970324967 1888731585 1735444774 1644781016 0 0 0 0 0 0 0 0 0 0 0 0